0438 37.2 115
1353 37.2 96
1505 37.4 89
1726 36.8 101
2105 36.7 110
1528 36.5 77
2048 36.6 85
2112 36.2 95
2208 36.6 56
0343 35.8 69
1440 35.8 67
1840 35.8 72
1919 36.1 83
1810 36.3 90
1906 36.2 131
2140 36.5 90
0122 36.6 110
0346 36.4 103
1614 36.3 107
2255 36.6 90
0300 36.4 100
0512 36.2 120
1610 36.2 85
2010 36.5 78
2100 36.9 86
2234 36.3 74
0005 36.3 83
0212 36.3 80
1707 36.2 75
1827 36.5 88
1942 36.3 85
0004 36.0 122
0234 36.9 91
1250 35.8 81
1841 36.5 76
2111 36.4 53
0226 36.7 95
0408 36.4 68
0524 36.8 75
1152 35.9 77
